225.333
225.333
417.115
17.1149
150.485
150.485
-24.2174
375.783
-41.3
358.7
33.8518
33.8518
433.852
433.852
33.8518
33.8518
33.8518
433.852
433.852
33.8518
-31.1515
368.849
326.753
326.753
404.4
4.39978
302.445
302.445
76.0171
76.0171
111.384
111.384
-8.94496
391.055
217.712
217.712
444.787
44.7865
-0.969104
399.031
423.662
23.6617
357.18
357.18
430.654
30.654
104.117
104.117
181.293
181.293












-24.7736
375.226
27.3228
27.3228
-41.6931
358.307
107.117
107.117
243.29
243.29
414.658
14.6585
414.658
14.6585
14.6585
414.658
14.6585
414.658
14.6585
14.6585
323.989
323.989
427.073
27.0734
328.012
328.012
-3.68167
396.318
431.779
31.7785
401.772
1.77185
53.3122
53.3122
417.163
17.1629
234.179
234.179
212.639
212.639
51.853
51.853
423.905
23.905
383.283
383.283
-19.1934
380.807
-2.89774
397.102
